Aqui estão 100 chaves de desbloqueio aleatórias geradas para o aplicativo VigiaTemp.
Para usar uma chave, copie-a e cole-a no arquivo 'chave-de-acesso.txt', substituindo a chave existente. O aplicativo usará a chave definida nesse arquivo para validação.

--- Chaves Geradas ---
1. 8352
2. 5819
3. 2743
4. 9067
5. 1482
6. 7539
7. 4201
8. 6915
9. 0378
10. 9254
11. 3160
12. 5786
13. 8429
14. 1093
15. 7248
16. 4961
17. 0527
18. 6380
19. 9714
20. 2805
21. 5493
22. 8176
23. 1620
24. 7058
25. 4392
26. 0817
27. 6534
28. 9281
29. 3706
30. 5149
31. 8823
32. 2357
33. 7904
34. 4618
35. 0275
36. 6193
37. 9540
38. 3081
39. 5627
40. 8394
41. 1850
42. 7409
43. 4126
44. 0783
45. 6451
46. 9808
47. 3265
48. 5932
49. 8609
50. 2176
51. 7731
52. 4488
53. 0045
54. 6712
55. 9379
56. 2846
57. 5513
58. 8180
59. 1647
60. 7214
61. 4881
62. 0438
63. 6005
64. 9672
65. 3139
66. 5706
67. 8373
68. 1840
69. 7407
70. 4974
71. 0541
72. 6108
73. 9775
74. 3242
75. 5809
76. 8476
77. 1943
78. 7510
79. 4077
80. 0644
81. 6211
82. 9878
83. 3345
84. 5912
85. 8579
86. 2046
87. 7613
88. 4180
89. 0747
90. 6314
91. 9981
92. 3448
93. 5015
94. 8682
95. 2149
96. 7716
97. 4283
98. 0850
99. 6417
100. 9084
